5,0,43.782153,-79.465773,154.21
5,1,43.782153,-79.465772,154.11
5,2,43.782155,-79.465767,154.11
5,3,43.782155,-79.465765,154.12
5,4,43.782155,-79.465762,154.13
5,5,43.782155,-79.465760,154.18
5,6,43.782157,-79.465757,154.21
5,7,43.782157,-79.465755,154.26
5,8,43.782157,-79.465752,154.31
5,9,43.782157,-79.465750,154.36
5,10,43.782157,-79.465747,154.34
5,11,43.782157,-79.465743,154.40
5,12,43.782158,-79.465742,154.40
5,13,43.782158,-79.465742,154.40
5,14,43.782158,-79.465740,154.38
5,15,43.782158,-79.465738,154.35
5,16,43.782158,-79.465737,154.34
5,17,43.782158,-79.465735,154.36
5,18,43.782158,-79.465732,154.35
5,19,43.782160,-79.465730,154.35
5,20,43.782160,-79.465728,154.34
5,21,43.782160,-79.465725,154.34
5,22,43.782160,-79.465723,154.36
5,23,43.782162,-79.465720,154.34
5,24,43.782162,-79.465718,154.37
5,25,43.782162,-79.465717,154.35
5,26,43.782163,-79.465712,154.34
5,27,43.782163,-79.465710,154.36
5,28,43.782163,-79.465708,154.42
5,29,43.782163,-79.465707,154.41
5,30,43.782163,-79.465703,154.46
5,31,43.782165,-79.465702,154.44
5,32,43.782165,-79.465698,154.42
5,33,43.782165,-79.465695,154.37
5,34,43.782165,-79.465692,154.38
5,35,43.782165,-79.465692,154.37
5,36,43.782167,-79.465687,154.32
5,37,43.782167,-79.465685,154.29
5,38,43.782167,-79.465682,154.30
5,39,43.782170,-79.465680,154.66
5,40,43.782170,-79.465677,154.59
5,41,43.782172,-79.465673,154.65
5,42,43.782172,-79.465670,154.65
5,43,43.782173,-79.465667,154.67
5,44,43.782173,-79.465663,154.58
5,45,43.782173,-79.465660,154.48
5,46,43.782168,-79.465653,153.73
5,47,43.782163,-79.465650,153.05
5,48,43.782170,-79.465650,154.04
5,49,43.782173,-79.465648,154.41
5,50,43.782175,-79.465647,154.50
5,51,43.782178,-79.465645,154.79
5,52,43.782178,-79.465643,154.79
5,53,43.782182,-79.465643,155.09
5,54,43.782180,-79.465640,154.99
5,55,43.782180,-79.465638,155.04
5,56,43.782177,-79.465637,154.61
5,57,43.782178,-79.465633,154.57
5,58,43.782177,-79.465632,154.50
5,59,43.782177,-79.465628,154.48
5,60,43.782177,-79.465628,154.52
5,61,43.782177,-79.465623,154.25
5,62,43.782175,-79.465620,154.12
5,63,43.782177,-79.465618,154.21
5,64,43.782178,-79.465617,154.31
5,65,43.782180,-79.465617,154.63
5,66,43.782182,-79.465615,154.75
5,67,43.782157,-79.465632,162.18
5,68,43.782157,-79.465628,162.19
5,69,43.782158,-79.465627,162.19
5,70,43.782158,-79.465625,162.20
5,71,43.782158,-79.465623,162.14
5,72,43.782158,-79.465622,162.10
5,73,43.782158,-79.465620,162.13
5,74,43.782158,-79.465618,162.15
5,75,43.782160,-79.465617,162.16
5,76,43.782160,-79.465613,162.07
5,77,43.782160,-79.465612,162.07
5,78,43.782160,-79.465610,162.09
5,79,43.782160,-79.465608,162.03
5,80,43.782160,-79.465607,162.02
5,81,43.782160,-79.465605,162.06
5,82,43.782185,-79.465580,154.23
5,83,43.782192,-79.465577,154.86
5,84,43.782192,-79.465577,154.87
5,85,43.782187,-79.465573,154.23
5,86,43.782188,-79.465572,154.37
5,87,43.782165,-79.465588,162.00
5,88,43.782165,-79.465587,162.03
5,89,43.782165,-79.465587,162.02
5,90,43.782192,-79.465560,154.43
5,91,43.782192,-79.465558,154.48
5,92,43.782185,-79.465552,153.34
5,93,43.782188,-79.465552,153.81
5,94,43.782187,-79.465548,153.57
5,95,43.782190,-79.465547,153.94
5,96,43.782190,-79.465543,154.03
5,97,43.782192,-79.465543,154.07
5,98,43.782190,-79.465540,154.01
5,99,43.782190,-79.465537,153.87
5,100,43.782192,-79.465535,153.97
5,101,43.782192,-79.465533,153.93
5,102,43.782190,-79.465528,153.62
5,103,43.782192,-79.465527,153.87
5,104,43.782190,-79.465525,153.49
5,105,43.782190,-79.465522,153.39
5,106,43.782190,-79.465520,153.42
5,107,43.782192,-79.465520,153.76
5,108,43.782193,-79.465520,153.93
5,109,43.782193,-79.465517,153.91
5,110,43.782193,-79.465515,153.93
5,111,43.782193,-79.465515,153.87
5,112,43.782197,-79.465512,154.24
5,113,43.782195,-79.465510,154.05
5,114,43.782195,-79.465508,154.07
5,115,43.782197,-79.465507,154.06
5,116,43.782197,-79.465505,154.05
5,117,43.782198,-79.465500,154.07
5,118,43.782175,-79.465520,162.20
5,119,43.782175,-79.465517,162.20
5,120,43.782177,-79.465515,162.22
5,121,43.782177,-79.465513,162.22
5,122,43.782177,-79.465508,162.16
5,123,43.782178,-79.465505,162.19
5,124,43.782178,-79.465503,162.16
5,125,43.782178,-79.465503,162.20
5,126,43.782180,-79.465498,162.23
5,127,43.782180,-79.465498,162.23
5,128,43.782180,-79.465495,162.32
5,129,43.782180,-79.465493,162.31
5,130,43.782182,-79.465490,162.44
5,131,43.782182,-79.465487,162.44
5,132,43.782183,-79.465483,162.37
5,133,43.782183,-79.465483,162.37
5,134,43.782185,-79.465480,162.43
5,135,43.782185,-79.465478,162.41
5,136,43.782185,-79.465477,162.45
5,137,43.782185,-79.465475,162.40
5,138,43.782187,-79.465470,162.41
5,139,43.782187,-79.465468,162.43
5,140,43.782187,-79.465463,162.39
5,141,43.782188,-79.465462,162.41
5,142,43.782188,-79.465460,162.42
5,143,43.782188,-79.465455,162.43
5,144,43.782188,-79.465453,162.45
5,145,43.782190,-79.465450,162.43
5,146,43.782190,-79.465447,162.44
5,147,43.782190,-79.465445,162.47
5,148,43.782190,-79.465443,162.45
5,149,43.782192,-79.465440,162.50
5,150,43.782192,-79.465438,162.49
5,151,43.782192,-79.465437,162.56
5,152,43.782192,-79.465433,162.59
5,153,43.782193,-79.465430,162.57
5,154,43.782193,-79.465430,162.57
5,155,43.782193,-79.465427,162.60
5,156,43.782193,-79.465425,162.61
5,157,43.782195,-79.465423,162.60
5,158,43.782195,-79.465420,162.61
5,159,43.782195,-79.465420,162.63
5,160,43.782195,-79.465417,162.67
5,161,43.782195,-79.465415,162.65
5,162,43.782195,-79.465415,162.65
5,163,43.782195,-79.465412,162.68
5,164,43.782197,-79.465412,162.71
5,165,43.782197,-79.465410,162.74
5,166,43.782197,-79.465408,162.76
5,167,43.782197,-79.465408,162.76
5,168,43.782198,-79.465405,162.75
5,169,43.782198,-79.465405,162.78
5,170,43.782198,-79.465403,162.79
5,171,43.782198,-79.465402,162.81
5,172,43.782198,-79.465402,162.76
5,173,43.782198,-79.465400,162.79
5,174,43.782200,-79.465397,162.72
5,175,43.782200,-79.465395,162.74
5,176,43.782200,-79.465395,162.74
5,177,43.782200,-79.465393,162.74
5,178,43.782200,-79.465392,162.75
5,179,43.782200,-79.465392,162.75
5,180,43.782200,-79.465390,162.77
5,181,43.782202,-79.465388,162.82
5,182,43.782202,-79.465387,162.86
5,183,43.782202,-79.465387,162.85
5,184,43.782202,-79.465383,162.86
5,185,43.782203,-79.465378,162.83
5,186,43.782203,-79.465377,162.88
5,187,43.782205,-79.465373,162.92
5,188,43.782205,-79.465372,162.88
5,189,43.782205,-79.465372,162.87
5,190,43.782205,-79.465372,162.88
5,191,43.782205,-79.465368,162.87
5,192,43.782205,-79.465367,162.87
5,193,43.782205,-79.465367,162.87
5,194,43.782205,-79.465367,162.89
5,195,43.782205,-79.465365,162.91
5,196,43.782207,-79.465363,162.90
5,197,43.782207,-79.465362,162.91
5,198,43.782207,-79.465362,162.89
5,199,43.782207,-79.465360,162.89
5,200,43.782207,-79.465358,162.93
5,201,43.782207,-79.465357,162.91
5,202,43.782207,-79.465357,162.93
5,203,43.782208,-79.465353,162.89
5,204,43.782208,-79.465352,162.90
5,205,43.782208,-79.465343,162.27
5,206,43.782210,-79.465340,162.26
5,207,43.782210,-79.465340,162.22
5,208,43.782212,-79.465335,162.19
5,209,43.782212,-79.465333,162.21
5,210,43.782212,-79.465332,162.19
5,211,43.782213,-79.465330,162.70
5,212,43.782213,-79.465330,162.71
5,213,43.782213,-79.465328,162.70
5,214,43.782213,-79.465328,162.71
5,215,43.782213,-79.465325,162.69
5,216,43.782215,-79.465323,162.66
5,217,43.782215,-79.465322,162.68
5,218,43.782215,-79.465322,162.67
5,219,43.782215,-79.465320,162.70
5,220,43.782215,-79.465317,162.73
5,221,43.782215,-79.465313,162.77
5,222,43.782215,-79.465313,162.81
5,223,43.782215,-79.465310,162.65
5,224,43.782217,-79.465308,162.68
5,225,43.782217,-79.465305,162.72
5,226,43.782217,-79.465305,162.72
5,227,43.782217,-79.465302,162.76
5,228,43.782218,-79.465298,162.74
5,229,43.782218,-79.465295,162.78
5,230,43.782218,-79.465293,162.79
5,231,43.782220,-79.465290,162.79
5,232,43.782220,-79.465290,162.78
5,233,43.782220,-79.465287,162.71
5,234,43.782222,-79.465283,162.68
5,235,43.782222,-79.465280,162.59
5,236,43.782223,-79.465277,162.53
5,237,43.782223,-79.465273,162.53
5,238,43.782223,-79.465272,162.54
5,239,43.782223,-79.465270,162.59
5,240,43.782223,-79.465267,162.57
5,241,43.782223,-79.465267,162.61
5,242,43.782223,-79.465263,162.65
5,243,43.782225,-79.465262,162.66
5,244,43.782227,-79.465257,162.66
5,245,43.782227,-79.465253,162.58
5,246,43.782228,-79.465248,162.66
5,247,43.782228,-79.465247,162.79
5,248,43.782230,-79.465245,162.77
5,249,43.782230,-79.465242,162.63
5,250,43.782230,-79.465238,162.59
5,251,43.782230,-79.465237,162.57
5,252,43.782230,-79.465235,162.57
5,253,43.782233,-79.465230,162.69
5,254,43.782233,-79.465227,162.71
5,255,43.782233,-79.465223,162.72
5,256,43.782235,-79.465220,162.73
5,257,43.782235,-79.465217,162.75
5,258,43.782237,-79.465213,162.80
5,259,43.782237,-79.465212,162.73
5,260,43.782237,-79.465210,162.72
5,261,43.782237,-79.465207,162.66
5,262,43.782237,-79.465207,162.67
5,263,43.782237,-79.465203,162.69
5,264,43.782238,-79.465202,162.68
5,265,43.782238,-79.465198,162.70
5,266,43.782238,-79.465197,162.60
5,267,43.782240,-79.465193,162.53
5,268,43.782240,-79.465190,162.51
5,269,43.782240,-79.465188,162.53
5,270,43.782240,-79.465187,162.54
5,271,43.782242,-79.465183,162.49
5,272,43.782242,-79.465182,162.50
5,273,43.782242,-79.465178,162.59
5,274,43.782242,-79.465177,162.58
5,275,43.782243,-79.465173,162.60
5,276,43.782243,-79.465170,162.57
5,277,43.782243,-79.465167,162.55
5,278,43.782243,-79.465167,162.57
5,279,43.782245,-79.465162,162.49
5,280,43.782245,-79.465162,162.47
5,281,43.782245,-79.465158,162.57
5,282,43.782247,-79.465158,162.60
5,283,43.782247,-79.465155,162.60
5,284,43.782247,-79.465153,162.60
5,285,43.782247,-79.465150,162.55
5,286,43.782248,-79.465145,162.50
5,287,43.782248,-79.465145,162.45
5,288,43.782248,-79.465142,162.42
5,289,43.782248,-79.465138,162.41
5,290,43.782248,-79.465137,162.40
5,291,43.782248,-79.465133,162.45
5,292,43.782248,-79.465132,162.53
5,293,43.782250,-79.465130,162.51
5,294,43.782250,-79.465130,162.59
5,295,43.782250,-79.465128,162.61
5,296,43.782250,-79.465125,162.62
5,297,43.782250,-79.465123,162.58
5,298,43.782252,-79.465118,162.50
5,299,43.782252,-79.465118,162.54
5,300,43.782252,-79.465115,162.52
5,301,43.782252,-79.465113,162.48
5,302,43.782252,-79.465110,162.49
5,303,43.782252,-79.465108,162.54
5,304,43.782253,-79.465108,162.59
5,305,43.782253,-79.465107,162.56
5,306,43.782253,-79.465103,162.57
5,307,43.782253,-79.465102,162.54
5,308,43.782253,-79.465098,162.48
5,309,43.782253,-79.465097,162.41
5,310,43.782253,-79.465095,162.37
5,311,43.782253,-79.465093,162.35
5,312,43.782253,-79.465090,162.36
5,313,43.782253,-79.465088,162.39
5,314,43.782253,-79.465088,162.40
5,315,43.782253,-79.465085,162.52
5,316,43.782253,-79.465083,162.48
5,317,43.782253,-79.465082,162.48
5,318,43.782253,-79.465080,162.48
5,319,43.782253,-79.465078,162.54
5,320,43.782253,-79.465075,162.48
5,321,43.782255,-79.465073,162.49
5,322,43.782255,-79.465070,162.47
5,323,43.782255,-79.465068,162.53
5,324,43.782255,-79.465067,162.55
5,325,43.782255,-79.465063,162.46
5,326,43.782255,-79.465062,162.52
5,327,43.782255,-79.465060,162.49
5,328,43.782277,-79.465037,153.22
5,329,43.782275,-79.465037,153.26
5,330,43.782277,-79.465035,153.22
5,331,43.782277,-79.465032,153.22
5,332,43.782262,-79.465068,165.93
5,333,43.782262,-79.465065,165.51
5,334,43.782265,-79.465072,167.41
5,335,43.782258,-79.465052,163.78
5,336,43.782258,-79.465048,163.83
5,337,43.782257,-79.465043,163.07
5,338,43.782258,-79.465047,164.39
5,339,43.782258,-79.465043,163.94
5,340,43.782265,-79.465057,167.29
5,341,43.782262,-79.465050,166.26
5,342,43.782263,-79.465052,166.88
5,343,43.782263,-79.465052,167.30
5,344,43.782262,-79.465043,166.28
5,345,43.782260,-79.465037,165.17
5,346,43.782275,-79.465000,153.15
5,347,43.782275,-79.464998,153.13
5,348,43.782275,-79.464998,153.08
5,349,43.782275,-79.464997,153.05
5,350,43.782275,-79.464993,153.05
5,351,43.782275,-79.464992,153.03
5,352,43.782275,-79.464990,153.06
5,353,43.782275,-79.464988,153.09
5,354,43.782275,-79.464987,153.07
5,355,43.782260,-79.465018,165.04
5,356,43.782260,-79.465018,164.97
5,357,43.782258,-79.465017,164.96
5,358,43.782268,-79.464977,152.66
5,359,43.782267,-79.464972,152.46
5,360,43.782267,-79.464972,152.48
5,361,43.782268,-79.464968,152.59
5,362,43.782272,-79.464972,153.17
5,363,43.782273,-79.464970,153.28
5,364,43.782272,-79.464968,153.19
5,365,43.782272,-79.464965,153.28
5,366,43.782270,-79.464960,153.16
5,367,43.782270,-79.464960,153.15
5,368,43.782270,-79.464958,153.34
5,369,43.782270,-79.464957,153.32
5,370,43.782265,-79.464947,152.98
5,371,43.782265,-79.464947,153.09
5,372,43.782265,-79.464943,153.13
5,373,43.782267,-79.464943,153.57
5,374,43.782270,-79.464945,153.96
5,375,43.782267,-79.464938,153.64
5,376,43.782265,-79.464933,153.56
5,377,43.782265,-79.464932,153.50
5,378,43.782263,-79.464928,153.49
5,379,43.782263,-79.464927,153.43
5,380,43.782265,-79.464923,153.55
5,381,43.782268,-79.464928,154.05
5,382,43.782268,-79.464928,154.05
5,383,43.782263,-79.464920,153.70
5,384,43.782282,-79.464938,155.63
5,385,43.782280,-79.464933,155.46
5,386,43.782272,-79.464925,154.74
5,387,43.782265,-79.464915,154.08
5,388,43.782263,-79.464910,153.99
5,389,43.782265,-79.464910,154.16
5,390,43.782263,-79.464908,154.05
5,391,43.782257,-79.464897,153.33
5,392,43.782257,-79.464895,153.38
5,393,43.782258,-79.464893,153.49
5,394,43.782257,-79.464890,153.32
5,395,43.782255,-79.464888,153.40
5,396,43.782255,-79.464888,153.40
5,397,43.782252,-79.464882,153.06
5,398,43.782247,-79.464873,152.37
5,399,43.782247,-79.464873,152.37
5,400,43.782245,-79.464867,152.17
5,401,43.782245,-79.464867,152.18
5,402,43.782248,-79.464870,152.59
5,403,43.782252,-79.464870,152.92
5,404,43.782252,-79.464872,153.06
5,405,43.782252,-79.464872,153.06
5,406,43.782255,-79.464873,153.59
5,407,43.782252,-79.464868,153.40
5,408,43.782252,-79.464867,153.43
5,409,43.782252,-79.464865,153.50
5,410,43.782252,-79.464863,153.59
5,411,43.782250,-79.464862,153.55
5,412,43.782250,-79.464860,153.48
5,413,43.782248,-79.464855,153.41
5,414,43.782243,-79.464850,153.21
5,415,43.782243,-79.464850,153.18
5,416,43.782245,-79.464847,153.40
5,417,43.782245,-79.464847,153.41
5,418,43.782245,-79.464845,153.37
5,419,43.782242,-79.464842,153.07
5,420,43.782242,-79.464840,153.17
5,421,43.782242,-79.464838,153.17
5,422,43.782242,-79.464838,153.26
5,423,43.782245,-79.464838,153.63
5,424,43.782242,-79.464837,153.25
5,425,43.782237,-79.464825,152.98
5,426,43.782237,-79.464823,153.11
5,427,43.782235,-79.464820,152.99
5,428,43.782232,-79.464817,152.74
5,429,43.782232,-79.464817,152.74
5,430,43.782230,-79.464812,152.67
5,431,43.782230,-79.464810,152.53
5,432,43.782227,-79.464808,152.32
5,433,43.782227,-79.464805,152.20
5,434,43.782225,-79.464803,152.15
5,435,43.782225,-79.464803,152.22
5,436,43.782225,-79.464802,152.21
5,437,43.782222,-79.464795,152.07
5,438,43.782222,-79.464793,152.02
5,439,43.782220,-79.464790,152.17
5,440,43.782220,-79.464788,152.18
5,441,43.782220,-79.464788,152.23
5,442,43.782222,-79.464790,152.64
5,443,43.782220,-79.464787,152.51
5,444,43.782218,-79.464787,152.51
5,445,43.782218,-79.464787,152.60
5,446,43.782218,-79.464787,152.71
5,447,43.782218,-79.464785,152.74
5,448,43.782217,-79.464780,152.73
5,449,43.782217,-79.464780,152.73
5,450,43.782215,-79.464778,152.73
5,451,43.782213,-79.464777,152.71
5,452,43.782212,-79.464777,152.67
5,453,43.782210,-79.464777,152.60
5,454,43.782210,-79.464777,152.60
5,455,43.782208,-79.464777,152.67
5,456,43.782208,-79.464775,152.67
5,457,43.782207,-79.464777,152.66
5,458,43.782207,-79.464777,152.70
5,459,43.782207,-79.464775,152.72
5,460,43.782203,-79.464773,152.81
5,461,43.782203,-79.464773,152.77
5,462,43.782202,-79.464773,152.73
5,463,43.782200,-79.464772,152.68
5,464,43.782198,-79.464770,152.67
5,465,43.782198,-79.464768,152.70
5,466,43.782197,-79.464768,152.63
5,467,43.782195,-79.464767,152.59
5,468,43.782193,-79.464765,152.53
5,469,43.782193,-79.464765,152.53
5,470,43.782190,-79.464762,152.51
5,471,43.782190,-79.464762,152.54
5,472,43.782190,-79.464762,152.57
5,473,43.782187,-79.464760,152.59
5,474,43.782185,-79.464758,152.57
5,475,43.782183,-79.464755,152.58
5,476,43.782183,-79.464755,152.59
5,477,43.782182,-79.464753,152.66
5,478,43.782182,-79.464753,152.60
5,479,43.782177,-79.464750,152.52
5,480,43.782177,-79.464748,152.52
5,481,43.782175,-79.464748,152.51
5,482,43.782173,-79.464747,152.51
5,483,43.782172,-79.464747,152.61
5,484,43.782172,-79.464745,152.57
5,485,43.782168,-79.464743,152.55
5,486,43.782167,-79.464742,152.52
5,487,43.782165,-79.464740,152.56
5,488,43.782165,-79.464740,152.57
5,489,43.782163,-79.464740,152.59
5,490,43.782163,-79.464738,152.59
5,491,43.782162,-79.464738,152.60
5,492,43.782160,-79.464737,152.59
5,493,43.782160,-79.464737,152.57
5,494,43.782158,-79.464735,152.56
5,495,43.782157,-79.464735,152.60
5,496,43.782155,-79.464733,152.61
5,497,43.782153,-79.464732,152.57
5,498,43.782152,-79.464732,152.59
5,499,43.782150,-79.464730,152.61
5,500,43.782150,-79.464730,152.66
5,501,43.782148,-79.464728,152.68
5,502,43.782147,-79.464727,152.66
5,503,43.782147,-79.464725,152.71
5,504,43.782145,-79.464725,152.67
5,505,43.782143,-79.464723,152.75
5,506,43.782142,-79.464723,152.78
5,507,43.782140,-79.464722,152.78
5,508,43.782138,-79.464720,152.76
5,509,43.782138,-79.464720,152.80
5,510,43.782137,-79.464718,152.79
5,511,43.782133,-79.464717,152.83
5,512,43.782133,-79.464717,152.83
5,513,43.782132,-79.464715,152.82
5,514,43.782132,-79.464715,152.81
5,515,43.782130,-79.464715,152.79
5,516,43.782125,-79.464712,152.68
5,517,43.782125,-79.464712,152.68
5,518,43.782123,-79.464710,152.65
5,519,43.782122,-79.464708,152.74
5,520,43.782122,-79.464708,152.75
5,521,43.782120,-79.464707,152.72
5,522,43.782118,-79.464707,152.71
5,523,43.782117,-79.464705,152.73
5,524,43.782115,-79.464703,152.74
5,525,43.782113,-79.464702,152.77
5,526,43.782113,-79.464702,152.80
5,527,43.782110,-79.464698,152.78
5,528,43.782110,-79.464698,152.73
5,529,43.782107,-79.464697,152.76
5,530,43.782105,-79.464695,152.77
5,531,43.782105,-79.464693,152.82
5,532,43.782103,-79.464693,152.81
5,533,43.782102,-79.464692,152.87
5,534,43.782100,-79.464692,152.87
5,535,43.782097,-79.464688,152.76
5,536,43.782095,-79.464688,152.76
5,537,43.782068,-79.464700,162.72
5,538,43.782067,-79.464700,162.74
5,539,43.782070,-79.464700,162.25
5,540,43.782070,-79.464698,162.28
5,541,43.782070,-79.464698,162.27
5,542,43.782067,-79.464698,162.18
5,543,43.782067,-79.464698,162.15
5,544,43.782065,-79.464697,162.13
5,545,43.782065,-79.464697,162.12
5,546,43.782065,-79.464697,162.15
5,547,43.782062,-79.464697,162.16
5,548,43.782060,-79.464695,162.19
5,549,43.782057,-79.464695,162.19
5,550,43.782055,-79.464695,162.26
5,551,43.782053,-79.464695,162.20
5,552,43.782050,-79.464695,162.20
5,553,43.782050,-79.464693,162.22
5,554,43.782045,-79.464693,162.21
5,555,43.782043,-79.464693,162.18
5,556,43.782042,-79.464693,162.14
5,557,43.782040,-79.464693,162.19
5,558,43.782038,-79.464693,162.19
5,559,43.782037,-79.464693,162.22
5,560,43.782035,-79.464693,162.13
5,561,43.782033,-79.464693,162.26
5,562,43.782030,-79.464693,162.26
5,563,43.782027,-79.464693,162.24
5,564,43.782023,-79.464693,162.27
5,565,43.782022,-79.464693,162.21
5,566,43.782018,-79.464693,162.14
5,567,43.782017,-79.464695,162.21
5,568,43.782015,-79.464695,162.25
5,569,43.782012,-79.464695,162.38
5,570,43.782010,-79.464695,162.38
5,571,43.782007,-79.464692,161.71
5,572,43.782002,-79.464692,161.74
5,573,43.782000,-79.464692,161.71
5,574,43.781998,-79.464692,161.75
5,575,43.781995,-79.464692,161.72
5,576,43.781993,-79.464692,161.71
5,577,43.781990,-79.464692,161.68
5,578,43.781988,-79.464692,161.59
5,579,43.781983,-79.464692,161.63
5,580,43.781982,-79.464692,161.64
5,581,43.781980,-79.464693,161.83
5,582,43.781977,-79.464693,161.91
5,583,43.781973,-79.464695,161.94
5,584,43.781973,-79.464695,161.97
5,585,43.781968,-79.464695,162.01
5,586,43.781965,-79.464697,161.94
5,587,43.781963,-79.464695,161.88
5,588,43.781960,-79.464695,161.78
5,589,43.781960,-79.464697,161.84
5,590,43.781957,-79.464697,161.59
5,591,43.781953,-79.464697,161.57
5,592,43.781953,-79.464697,161.57
5,593,43.781952,-79.464697,161.64
5,594,43.781948,-79.464698,161.65
5,595,43.781947,-79.464698,161.66
5,596,43.781943,-79.464700,161.70
5,597,43.781940,-79.464700,161.65
5,598,43.781940,-79.464700,161.63
5,599,43.781937,-79.464700,161.55
5,600,43.781937,-79.464700,161.55
5,601,43.781932,-79.464703,161.59
5,602,43.781928,-79.464703,161.63
5,603,43.781927,-79.464705,161.63
5,604,43.781923,-79.464705,161.59
5,605,43.781922,-79.464705,161.59
5,606,43.781922,-79.464707,161.59
5,607,43.781917,-79.464707,161.64
5,608,43.781915,-79.464708,161.63
5,609,43.781912,-79.464708,161.58
5,610,43.781910,-79.464710,161.62
5,611,43.781907,-79.464710,161.59
5,612,43.781905,-79.464712,161.57
5,613,43.781902,-79.464713,161.60
5,614,43.781902,-79.464713,161.66
5,615,43.781898,-79.464713,161.55
5,616,43.781895,-79.464715,161.50
5,617,43.781893,-79.464717,161.48
5,618,43.781890,-79.464717,161.48
5,619,43.781888,-79.464718,161.43
5,620,43.781885,-79.464720,161.45
5,621,43.781883,-79.464720,161.46
5,622,43.781880,-79.464722,161.41
5,623,43.781878,-79.464723,161.37
5,624,43.781875,-79.464725,161.34
5,625,43.781873,-79.464727,161.25
5,626,43.781870,-79.464728,161.11
5,627,43.781868,-79.464728,161.00
5,628,43.781865,-79.464730,160.88
5,629,43.781863,-79.464732,160.92
5,630,43.781860,-79.464733,160.93
5,631,43.781857,-79.464737,160.94
5,632,43.781853,-79.464738,160.92
5,633,43.781852,-79.464740,160.92
5,634,43.781850,-79.464742,160.90
5,635,43.781847,-79.464743,160.88
5,636,43.781843,-79.464747,160.98
5,637,43.781842,-79.464748,160.91
5,638,43.781840,-79.464748,160.90
5,639,43.781837,-79.464750,160.89
5,640,43.781835,-79.464753,160.83
5,641,43.781832,-79.464755,160.84
5,642,43.781830,-79.464757,160.89
5,643,43.781828,-79.464758,160.92
5,644,43.781827,-79.464760,160.95
5,645,43.781823,-79.464763,160.94
5,646,43.781822,-79.464765,160.90
5,647,43.781820,-79.464767,160.86
5,648,43.781818,-79.464770,160.87
5,649,43.781815,-79.464772,160.89
5,650,43.781813,-79.464775,160.90
5,651,43.781812,-79.464777,160.84
5,652,43.781808,-79.464780,160.79
5,653,43.781808,-79.464780,160.79
5,654,43.781815,-79.464772,153.18
5,655,43.781817,-79.464778,155.36
5,656,43.781812,-79.464780,154.27
5,657,43.781808,-79.464780,153.43
5,658,43.781803,-79.464782,153.12
5,659,43.781805,-79.464783,153.07
5,660,43.781802,-79.464788,153.29
5,661,43.781798,-79.464792,153.50
5,662,43.781797,-79.464795,153.62
5,663,43.781795,-79.464798,153.95
5,664,43.781793,-79.464802,153.93
5,665,43.781793,-79.464803,153.91
5,666,43.781792,-79.464805,153.68
5,667,43.781790,-79.464808,153.68
5,668,43.781790,-79.464808,153.66
5,669,43.781785,-79.464813,153.52
5,670,43.781783,-79.464817,153.26
5,671,43.781782,-79.464818,153.20
5,672,43.781780,-79.464822,153.15
5,673,43.781778,-79.464823,152.98
5,674,43.781777,-79.464827,152.90
5,675,43.781775,-79.464828,152.90
5,676,43.781773,-79.464832,152.86
5,677,43.781772,-79.464833,152.88
5,678,43.781770,-79.464837,153.13
5,679,43.781768,-79.464840,153.01
5,680,43.781767,-79.464843,153.14
5,681,43.781762,-79.464847,152.56
5,682,43.781762,-79.464848,152.70
5,683,43.781758,-79.464853,152.67
5,684,43.781755,-79.464857,152.64
5,685,43.781755,-79.464858,152.61
5,686,43.781753,-79.464862,153.11
5,687,43.781752,-79.464863,152.99
5,688,43.781748,-79.464867,152.70
5,689,43.781748,-79.464870,153.06
5,690,43.781748,-79.464870,153.08
5,691,43.781745,-79.464877,152.83
5,692,43.781745,-79.464877,152.82
5,693,43.781743,-79.464882,152.80
5,694,43.781742,-79.464885,152.83
5,695,43.781742,-79.464888,152.83
5,696,43.781740,-79.464890,152.83
5,697,43.781738,-79.464893,152.84
5,698,43.781737,-79.464895,152.82
5,699,43.781735,-79.464902,152.71
5,700,43.781732,-79.464905,151.98
5,701,43.781733,-79.464907,152.73
5,702,43.781733,-79.464908,152.96
5,703,43.781737,-79.464910,153.04
5,704,43.781732,-79.464915,152.52
5,705,43.781728,-79.464918,152.52
5,706,43.781728,-79.464915,152.04
5,707,43.781727,-79.464920,152.18
5,708,43.781725,-79.464920,152.43
5,709,43.781722,-79.464935,152.40
5,710,43.781722,-79.464937,152.44
5,711,43.781722,-79.464938,152.48
5,712,43.781722,-79.464942,152.64
5,713,43.781715,-79.464952,152.04
5,714,43.781708,-79.464958,151.58
5,715,43.781732,-79.464948,153.45
5,716,43.781708,-79.464973,159.94
5,717,43.781710,-79.464977,160.02
5,718,43.781712,-79.464977,160.03
5,719,43.781712,-79.464980,160.09
5,720,43.781725,-79.464975,160.31
5,721,43.781720,-79.464980,160.22
5,722,43.781720,-79.464983,160.22
5,723,43.781720,-79.464985,160.19
5,724,43.781717,-79.464990,160.19
5,725,43.781717,-79.464995,160.21
5,726,43.781700,-79.465007,159.99
5,727,43.781708,-79.464993,151.63
5,728,43.781703,-79.464997,152.24
5,729,43.781708,-79.464998,153.38
5,730,43.781712,-79.465000,153.51
5,731,43.781712,-79.465000,152.60
5,732,43.781720,-79.465002,152.95
5,733,43.781722,-79.465002,152.84
5,734,43.781717,-79.465003,152.86
5,735,43.781720,-79.465008,154.92
5,736,43.781718,-79.465012,155.02
5,737,43.781705,-79.465025,153.24
5,738,43.781712,-79.465025,153.45
5,739,43.781713,-79.465028,153.53
5,740,43.781712,-79.465032,153.56
5,741,43.781707,-79.465038,153.23
5,742,43.781675,-79.465057,152.18
5,743,43.781692,-79.465053,152.96
5,744,43.781738,-79.465042,160.57
5,745,43.781728,-79.465048,160.46
5,746,43.781712,-79.465053,153.47
5,747,43.781713,-79.465057,153.51
5,748,43.781717,-79.465065,160.19
5,749,43.781677,-79.465093,159.54
5,750,43.781642,-79.465117,159.04
5,751,43.781738,-79.465063,160.27
5,752,43.781705,-79.465087,159.95
5,753,43.781708,-79.465078,153.51
5,754,43.781707,-79.465087,153.48
5,755,43.781707,-79.465090,153.44
5,756,43.781708,-79.465093,153.48
5,757,43.781708,-79.465098,153.48
5,758,43.781707,-79.465100,153.41
5,759,43.781690,-79.465122,159.54
5,760,43.781707,-79.465108,153.15
5,761,43.781707,-79.465112,153.16
5,762,43.781707,-79.465113,153.16
5,763,43.781703,-79.465127,159.44
5,764,43.781685,-79.465140,159.24
5,765,43.781703,-79.465135,159.56
5,766,43.781698,-79.465140,159.53
5,767,43.781725,-79.465128,159.88
5,768,43.781738,-79.465125,160.02
5,769,43.781738,-79.465125,160.05
5,770,43.781710,-79.465148,159.79
5,771,43.781707,-79.465150,159.74
5,772,43.781715,-79.465150,159.82
5,773,43.781708,-79.465155,159.79
5,774,43.781697,-79.465165,159.61
5,775,43.781705,-79.465163,159.73
5,776,43.781705,-79.465167,159.81
5,777,43.781715,-79.465163,159.99
5,778,43.781713,-79.465168,159.92
5,779,43.781713,-79.465173,159.99
5,780,43.781715,-79.465175,160.04
5,781,43.781715,-79.465182,160.02
5,782,43.781715,-79.465185,160.05
5,783,43.781712,-79.465190,160.04
5,784,43.781710,-79.465197,160.12
5,785,43.781710,-79.465200,160.09
5,786,43.781708,-79.465203,160.19
5,787,43.781710,-79.465200,153.81
5,788,43.781683,-79.465205,151.37
5,789,43.781712,-79.465207,153.86
5,790,43.781710,-79.465218,159.82
5,791,43.781717,-79.465212,154.01
5,792,43.781708,-79.465218,153.24
5,793,43.781713,-79.465222,153.78
5,794,43.781713,-79.465227,153.78
5,795,43.781710,-79.465228,153.48
5,796,43.781708,-79.465232,153.33
5,797,43.781712,-79.465245,159.62
5,798,43.781715,-79.465240,153.77
5,799,43.781720,-79.465243,154.11
5,800,43.781720,-79.465247,154.04
5,801,43.781722,-79.465250,154.20
5,802,43.781722,-79.465253,154.11
5,803,43.781720,-79.465257,154.07
5,804,43.781717,-79.465262,153.80
5,805,43.781715,-79.465267,153.67
5,806,43.781717,-79.465270,153.70
5,807,43.781715,-79.465275,153.59
5,808,43.781715,-79.465278,153.59
5,809,43.781713,-79.465282,153.53
5,810,43.781715,-79.465285,153.61
5,811,43.781713,-79.465287,153.53
5,812,43.781713,-79.465292,153.40
5,813,43.781715,-79.465295,153.43
5,814,43.781715,-79.465298,153.36
5,815,43.781708,-79.465312,159.19
5,816,43.781707,-79.465317,159.16
5,817,43.781708,-79.465317,159.11
5,818,43.781700,-79.465320,152.91
5,819,43.781683,-79.465333,152.98
5,820,43.781702,-79.465323,152.94
5,821,43.781713,-79.465330,159.13
5,822,43.781713,-79.465330,159.13
5,823,43.781753,-79.465312,159.59
5,824,43.781743,-79.465322,159.46
5,825,43.781728,-79.465332,159.26
5,826,43.781728,-79.465335,159.35
5,827,43.781722,-79.465335,152.80
5,828,43.781722,-79.465338,154.30
5,829,43.781733,-79.465343,159.40
5,830,43.781725,-79.465352,159.23
5,831,43.781723,-79.465355,159.10
5,832,43.781725,-79.465358,158.98
5,833,43.781725,-79.465360,159.06
5,834,43.781725,-79.465363,159.02
5,835,43.781718,-79.465372,156.37
5,836,43.781717,-79.465372,156.29
5,837,43.781718,-79.465373,156.18
5,838,43.781720,-79.465372,155.87
5,839,43.781728,-79.465375,159.18
5,840,43.781730,-79.465377,159.18
5,841,43.781728,-79.465380,159.14
5,842,43.781732,-79.465382,159.26
5,843,43.781733,-79.465382,159.15
5,844,43.781735,-79.465387,159.17
5,845,43.781737,-79.465390,159.21
5,846,43.781737,-79.465390,159.21
5,847,43.781738,-79.465395,159.05
5,848,43.781742,-79.465397,159.00
5,849,43.781745,-79.465402,159.08
5,850,43.781745,-79.465402,159.09
5,851,43.781748,-79.465403,158.99
5,852,43.781748,-79.465405,158.91
5,853,43.781750,-79.465410,158.99
5,854,43.781752,-79.465412,158.90
5,855,43.781755,-79.465415,158.86
5,856,43.781755,-79.465415,158.95
5,857,43.781758,-79.465417,158.90
5,858,43.781760,-79.465418,158.85
5,859,43.781763,-79.465420,158.90
5,860,43.781763,-79.465422,158.86
5,861,43.781765,-79.465425,158.89
5,862,43.781768,-79.465427,159.09
5,863,43.781770,-79.465430,159.08
5,864,43.781772,-79.465432,159.05
5,865,43.781773,-79.465435,159.09
5,866,43.781775,-79.465438,159.02
5,867,43.781777,-79.465440,159.13
5,868,43.781778,-79.465442,159.11
5,869,43.781778,-79.465443,159.13
5,870,43.781782,-79.465448,159.16
5,871,43.781782,-79.465450,159.14
5,872,43.781785,-79.465452,159.08
5,873,43.781787,-79.465455,159.03
5,874,43.781788,-79.465457,158.94
5,875,43.781788,-79.465458,159.06
5,876,43.781792,-79.465462,159.06
5,877,43.781795,-79.465467,159.11
5,878,43.781795,-79.465468,159.11
5,879,43.781797,-79.465472,159.21
5,880,43.781798,-79.465475,159.14
5,881,43.781800,-79.465478,159.12
5,882,43.781803,-79.465480,159.14
5,883,43.781803,-79.465482,159.14
5,884,43.781807,-79.465485,159.29
5,885,43.781808,-79.465487,159.36
5,886,43.781810,-79.465492,159.26
5,887,43.781810,-79.465492,159.30
5,888,43.781813,-79.465497,159.21
5,889,43.781815,-79.465498,159.10
5,890,43.781817,-79.465502,159.12
5,891,43.781818,-79.465502,159.06
5,892,43.781822,-79.465507,159.11
5,893,43.781823,-79.465508,159.04
5,894,43.781825,-79.465512,159.00
5,895,43.781827,-79.465515,159.02
5,896,43.781828,-79.465517,159.06
5,897,43.781830,-79.465520,159.01
5,898,43.781832,-79.465522,158.99
5,899,43.781835,-79.465525,158.98
5,900,43.781837,-79.465527,158.99
5,901,43.781838,-79.465532,159.06
5,902,43.781840,-79.465533,159.08
5,903,43.781843,-79.465537,159.06
5,904,43.781845,-79.465538,159.10
5,905,43.781847,-79.465542,159.04
5,906,43.781848,-79.465543,159.09
5,907,43.781850,-79.465548,159.04
5,908,43.781853,-79.465553,159.00
5,909,43.781855,-79.465555,158.99
5,910,43.781858,-79.465560,159.13
5,911,43.781860,-79.465563,159.12
5,912,43.781862,-79.465565,159.11
5,913,43.781863,-79.465568,159.09
5,914,43.781865,-79.465570,159.01
5,915,43.781867,-79.465572,159.08
5,916,43.781868,-79.465575,159.07
5,917,43.781870,-79.465578,159.09
5,918,43.781872,-79.465580,159.08
5,919,43.781873,-79.465583,159.12
5,920,43.781875,-79.465585,159.01
5,921,43.781877,-79.465588,159.05
5,922,43.781878,-79.465590,159.05
5,923,43.781880,-79.465593,159.07
5,924,43.781882,-79.465595,159.04
5,925,43.781883,-79.465598,159.13
5,926,43.781887,-79.465602,159.14
5,927,43.781888,-79.465603,159.16
5,928,43.781888,-79.465605,159.18
5,929,43.781892,-79.465608,159.16
5,930,43.781893,-79.465610,159.09
5,931,43.781895,-79.465612,159.15
5,932,43.781898,-79.465615,159.17
5,933,43.781898,-79.465617,159.23
5,934,43.781900,-79.465620,159.22
5,935,43.781902,-79.465622,159.28
5,936,43.781903,-79.465623,159.21
5,937,43.781905,-79.465627,159.16
5,938,43.781908,-79.465630,159.18
5,939,43.781908,-79.465630,159.20
5,940,43.781912,-79.465635,159.23
5,941,43.781913,-79.465638,159.19
5,942,43.781915,-79.465642,159.30
5,943,43.781917,-79.465643,159.39
5,944,43.781920,-79.465648,159.52
5,945,43.781920,-79.465648,159.50
5,946,43.781920,-79.465650,159.45
5,947,43.781923,-79.465653,159.41
5,948,43.781925,-79.465657,159.46
5,949,43.781927,-79.465658,159.50
5,950,43.781928,-79.465662,159.64
5,951,43.781930,-79.465665,159.53
5,952,43.781932,-79.465668,159.45
5,953,43.781933,-79.465672,159.57
5,954,43.781935,-79.465673,159.65
5,955,43.781935,-79.465677,159.69
5,956,43.781937,-79.465678,159.59
5,957,43.781938,-79.465682,159.53
5,958,43.781940,-79.465683,159.60
5,959,43.781943,-79.465688,159.55
5,960,43.781943,-79.465688,159.50
5,961,43.781952,-79.465687,154.33
5,962,43.781947,-79.465690,154.97
5,963,43.781950,-79.465698,159.46
5,964,43.781950,-79.465702,159.46
5,965,43.781952,-79.465705,159.45
5,966,43.781953,-79.465705,159.45
5,967,43.781955,-79.465710,159.51
5,968,43.781965,-79.465708,155.79
5,969,43.781962,-79.465710,155.36
5,970,43.781960,-79.465718,159.58
5,971,43.781962,-79.465720,159.63
5,972,43.781963,-79.465723,159.64
5,973,43.781965,-79.465727,159.75
5,974,43.781965,-79.465727,159.74
5,975,43.781968,-79.465730,159.64
5,976,43.781972,-79.465733,159.55
5,977,43.781973,-79.465735,159.55
5,978,43.781975,-79.465737,159.49
5,979,43.781977,-79.465740,159.46
5,980,43.781978,-79.465742,159.46
5,981,43.781978,-79.465743,159.52
5,982,43.781982,-79.465747,159.58
5,983,43.781983,-79.465750,159.59
5,984,43.781983,-79.465745,152.67
5,985,43.781985,-79.465755,159.50
5,986,43.781987,-79.465758,159.57
5,987,43.781990,-79.465762,159.55
5,988,43.781990,-79.465763,159.48
5,989,43.781993,-79.465767,159.41
5,990,43.781995,-79.465770,159.42
5,991,43.781997,-79.465772,159.39
5,992,43.781998,-79.465775,159.42
5,993,43.782000,-79.465777,159.42
5,994,43.782003,-79.465782,159.29
5,995,43.782007,-79.465783,159.35
5,996,43.782008,-79.465787,159.41
5,997,43.782010,-79.465787,159.43
5,998,43.782012,-79.465790,159.38
5,999,43.782013,-79.465792,159.36
5,1000,43.782017,-79.465795,159.37
5,1001,43.782022,-79.465788,153.03
5,1002,43.782020,-79.465793,153.34
5,1003,43.782017,-79.465793,152.73
5,1004,43.782025,-79.465803,159.27
5,1005,43.782027,-79.465805,159.19
5,1006,43.782032,-79.465802,154.31
5,1007,43.782035,-79.465803,154.39
5,1008,43.782028,-79.465810,155.10
5,1009,43.782042,-79.465803,153.39
5,1010,43.782045,-79.465805,154.16
5,1011,43.782045,-79.465808,153.87
5,1012,43.782055,-79.465807,153.36
5,1013,43.782060,-79.465808,153.88
5,1014,43.782052,-79.465810,152.98
5,1015,43.782057,-79.465808,152.16
5,1016,43.782068,-79.465808,152.76
5,1017,43.782067,-79.465818,159.40
5,1018,43.782067,-79.465818,159.34
5,1019,43.782075,-79.465810,152.90
5,1020,43.782073,-79.465810,152.29
5,1021,43.782083,-79.465810,154.05
5,1022,43.782082,-79.465812,154.41
5,1023,43.782083,-79.465810,154.55
5,1024,43.782083,-79.465810,154.53
5,1025,43.782093,-79.465808,155.05
5,1026,43.782090,-79.465808,154.39
5,1027,43.782090,-79.465808,154.53
5,1028,43.782103,-79.465807,155.59
5,1029,43.782112,-79.465805,155.58
5,1030,43.782105,-79.465803,154.59
5,1031,43.782107,-79.465803,154.50
5,1032,43.782108,-79.465802,153.33
5,1033,43.782108,-79.465802,153.32
5,1034,43.782112,-79.465800,153.40
5,1035,43.782115,-79.465800,153.81
5,1036,43.782115,-79.465800,153.90
5,1037,43.782118,-79.465800,154.05
5,1038,43.782118,-79.465800,154.11
5,1039,43.782117,-79.465800,153.98
5,1040,43.782110,-79.465800,153.03
5,1041,43.782122,-79.465798,153.95
5,1042,43.782122,-79.465798,153.87
5,1043,43.782127,-79.465797,154.01
5,1044,43.782130,-79.465795,154.17
5,1045,43.782137,-79.465795,154.57
5,1046,43.782137,-79.465793,154.43
5,1047,43.782138,-79.465793,154.15
5,1048,43.782137,-79.465793,153.84
5,1049,43.782140,-79.465792,154.02
5,1050,43.782142,-79.465792,154.20
5,1051,43.782142,-79.465790,154.01
5,1052,43.782142,-79.465790,153.96
5,1053,43.782143,-79.465788,153.99
5,1054,43.782145,-79.465788,154.22
5,1055,43.782147,-79.465788,154.17
5,1056,43.782147,-79.465788,154.15
5,1057,43.782148,-79.465788,154.21
5,1058,43.782150,-79.465785,154.29
5,1059,43.782150,-79.465785,154.06
5,1060,43.782152,-79.465783,154.14
5,1061,43.782152,-79.465783,154.19
5,1062,43.782148,-79.465780,153.69
5,1063,43.782147,-79.465780,153.57
5,1064,43.782147,-79.465780,153.52
5,1065,43.782142,-79.465780,152.99
5,1066,43.782148,-79.465778,153.62
5,1067,43.782148,-79.465778,153.58
5,1068,43.782152,-79.465778,153.89
5,1069,43.782158,-79.465777,154.06
5,1070,43.782152,-79.465775,153.54
5,1071,43.782150,-79.465773,153.23
5,1072,43.782163,-79.465770,153.96
